50
10
0.22 0.52 0.42 0.28 0.14 0.34 0.25 0.01 0.54 0.29
0.79 0.66 0.94 0.85 0.73 0.80 0.88 0.64 0.99 0.95
5
0.05 0.44 0.41 0.46 0.13
0.92 0.95 0.67 0.18 0.21
10
0.84 0.93 0.98 0.54 0.89 0.97 0.52 0.85 0.51 0.79
0.22 0.16 0.24 0.11 0.19 0.28 0.26 0.03 0.33 0.43
8
0.48 0.93 0.06 0.81 0.13 0.57 0.15 0.50
0.31 0.67 0.26 0.17 0.85 0.43 0.37 0.76
10
0.79 0.53 0.59 0.52 0.67 0.95 0.72 0.64 0.47 0.76
0.36 0.45 0.12 0.17 0.40 0.05 0.31 0.28 0.33 0.09
4
0.35 0.63 0.98 0.38
0.25 0.05 0.20 0.33
10
0.96 0.78 0.58 0.98 0.93 0.56 0.84 0.73 0.53 0.64
0.24 0.31 0.42 0.02 0.44 0.20 0.27 0.16 0.51 0.33
10
0.15 0.22 0.91 0.26 0.77 0.40 0.98 0.58 0.32 0.02
0.25 0.85 0.74 0.97 0.75 0.11 0.09 0.37 0.12 0.48
10
0.20 0.65 0.70 0.13 0.36 0.12 0.08 0.94 0.87 0.39
0.05 0.14 0.85 0.61 0.79 0.26 0.38 0.18 0.58 0.23
10
0.85 0.78 0.59 0.52 0.54 0.80 0.74 0.57 0.91 0.93
0.28 0.02 0.26 0.33 0.09 0.41 0.15 0.50 0.35 0.24
10
0.57 0.59 0.88 0.16 0.29 0.89 0.79 0.21 0.27 0.91
0.14 0.50 0.48 0.12 0.11 0.02 0.43 0.04 0.30 0.55
10
0.90 0.28 0.10 0.72 0.38 0.41 0.14 0.55 0.83 0.79
0.62 0.03 0.59 0.45 0.21 0.93 0.76 0.48 0.52 0.07
5
0.85 0.90 0.65 0.95 0.70
0.45 0.50 0.35 0.05 0.40
1
0.1
0.5
10
0.37 0.04 0.67 0.25 0.73 0.60 0.65 0.21 0.69 0.19
0.79 0.27 0.75 0.08 0.44 0.71 0.90 0.77 0.96 0.33
10
0.63 0.93 0.46 0.49 0.95 0.53 0.65 0.67 0.98 0.75
0.18 0.30 0.28 0.07 0.33 0.39 0.35 0.42 0.09 0.37
4
0.16 0.32 0.79 0.05
0.95 0.11 0.84 0.58
4
0.27 0.49 0.15 0.80
0.29 0.93 0.63 0.32
1
0.4
0.2
6
0.14 0.17 0.03 0.40 0.37 0.23
0.66 0.51 0.69 0.60 0.89 0.94
10
0.21 0.25 0.75 0.70 0.39 0.58 0.92 0.79 0.55 0.90
0.82 0.15 0.94 0.63 0.37 0.45 0.59 0.01 0.46 0.61
5
0.50 0.71 0.44 0.48 0.94
0.73 0.52 0.19 0.79 0.90
8
0.14 0.76 0.09 0.53 0.04 0.87 0.91 0.38
0.34 0.75 0.11 0.97 0.12 0.68 0.26 0.82
10
0.40 0.59 0.65 0.79 0.26 0.15 0.63 0.18 0.56 0.16
0.88 0.99 0.74 0.29 0.90 0.21 0.10 0.41 0.19 0.68
10
0.05 0.73 0.59 0.86 0.14 0.91 0.27 0.18 0.32 0.82
0.09 0.64 0.68 0.45 0.55 0.95 0.50 0.77 0.41 0.36
10
0.50 0.09 0.22 0.28 0.06 0.25 0.38 0.16 0.44 0.34
0.78 0.94 0.59 0.69 0.84 0.72 0.53 0.62 0.88 0.81
6
0.53 0.14 0.76 0.20 0.51 0.83
0.86 0.37 0.12 0.10 0.88 0.98
10
0.93 0.48 0.90 0.30 0.80 0.49 0.35 0.96 0.52 0.26
0.13 0.68 0.09 0.39 0.04 0.87 0.61 0.77 0.19 0.45
3
0.17 0.47 0.83
0.33 0.92 0.31
10
0.608 0.325 0.275 0.375 0.817 0.875 0.833 0.792 0.183 0.250
0.850 0.467 0.350 0.642 0.700 0.233 0.858 0.017 0.725 0.442
5
0.35 0.53 0.59 0.24 0.06
0.82 0.12 0.94 0.88 0.47
10
0.59 0.68 0.77 0.86 0.91 0.95 0.82 0.55 0.64 0.73
0.36 0.23 0.32 0.05 0.18 0.50 0.45 0.14 0.27 0.41
10
0.526 0.465 0.570 0.272 0.667 0.132 0.956 0.561 0.640 0.649
0.851 0.588 0.211 0.079 0.325 0.816 0.254 0.342 0.053 0.991
10
0.31 0.85 0.40 0.05 0.37 0.82 0.53 0.06 0.95 0.76
0.52 0.13 0.73 0.60 0.58 0.18 0.69 0.87 0.11 0.21
8
0.86 0.72 0.57 0.60 0.49 0.33 0.30 0.55
0.14 0.15 0.02 0.20 0.24 0.11 0.28 0.29
1
0.25
0.33
3
0.88 0.08 0.32
0.28 0.68 0.96
10
0.28 0.24 0.12 0.04 0.32 0.44 0.48 0.40 0.20 0.16
0.92 0.60 0.76 0.80 0.84 0.52 0.56 0.68 0.64 0.88
2
0.6 0.4
0.7 0.1
10
0.53 0.98 0.41 0.47 0.96 0.71 0.44 0.04 0.39 0.11
0.33 0.26 0.31 0.74 0.54 0.45 0.22 0.40 0.66 0.80
7
0.79 0.42 0.74 0.53 0.68 0.32 0.16
0.63 0.11 0.58 0.89 0.84 0.21 0.26
10
0.10 0.86 0.54 0.43 0.65 0.89 0.42 0.21 0.63 0.35
0.14 0.46 0.75 0.23 0.74 0.78 0.26 0.16 0.49 0.95
10
0.683 0.375 0.567 0.538 0.240 0.010 0.606 0.577 0.529 0.558
0.135 0.163 0.346 0.202 0.644 0.596 0.798 0.615 0.962 0.413
6
0.12 0.94 0.53 0.24 0.41 0.18
0.29 0.35 0.65 0.71 0.88 0.06
10
0.707 0.922 0.750 0.914 0.897 0.793 0.716 0.931 0.836 0.733
0.276 0.388 0.302 0.431 0.052 0.621 0.103 0.095 0.284 0.181
3
0.17 0.86 0.03
0.69 0.52 0.07
5
0.33 0.92 0.83 0.75 0.50
0.17 0.67 0.58 0.42 0.25
4
0.21 0.50 0.32 0.54
0.96 0.61 0.93 0.64
10
0.36 0.11 0.81 0.13 0.19 0.01 0.94 0.76 0.72 0.24
0.67 0.71 0.89 0.90 0.96 0.10 0.92 0.49 0.08 0.03
10
0.681 0.457 0.534 0.750 0.060 0.207 0.336 0.121 0.440 0.595
0.164 0.586 0.560 0.931 0.672 0.707 0.491 0.991 0.172 0.250
